[physics]
max_speed = 8.0

[springs.ground_spring]
rest_length = 0.8892307877540588
stiffness = 15.0
min_damping = 1.5
max_damping = 0.0
max_force = 20.0
min_force = 0.0

[springs.ground_spring_crouching]
rest_length = 0.5938462018966675
stiffness = 25.0
min_damping = 2.5
max_damping = 0.0
max_force = 20.0
min_force = 0.0

[springs.angular_spring]
stiffness = 0.5
damping = 0.15000000596046448
turn_stiffness = 0.30000001192092896

[springs.angular_spring_jumping]
stiffness = 0.30000001192092896
damping = 0.15000000596046448
turn_stiffness = 0.30000001192092896

[springs.angular_spring_aerial]
stiffness = 0.05000000074505806
damping = 0.05000000074505806
turn_stiffness = 0.05000000074505806

[input]
prejump_time = 0.800000011920929
